=== Heatmap MA x D1 (metrique : Calmar sur fenetre commune) ===
     0.100  0.125  0.150  0.175  0.200  0.225  0.250  0.275  0.300
104   0.55   0.46   0.89   0.63   0.89   0.56   0.68   0.56   0.57
112   1.06   0.46   0.95   0.66   0.95   0.60   0.63   0.61   0.61
120   1.24   0.55   1.05   0.74   1.23   0.72   0.75   0.73   0.69
128   1.15   0.57   1.12   0.85   1.20   0.71   0.76   0.76   0.73
136   1.29   0.64   1.24   1.18   1.25   0.75   0.78   0.76   0.73
144   0.42   0.57   1.29   1.25   1.30   0.78   0.81   0.82   0.79
152   0.48   0.61   1.16   1.29   1.21   0.80   0.82   0.82   0.82
160   0.45   0.54   1.19   1.41   1.29   0.85   0.88   0.85   0.82
168   0.85   0.61   1.20   1.40   1.30   0.85   0.86   0.85   0.82
176   0.87   0.65   1.18   1.38   1.28   0.84   0.87   0.86   0.86
184   0.97   0.73   1.23   1.43   1.32   0.87   0.90   0.89   0.89
192   0.90   0.50   0.92   1.22   0.75   0.53   0.55   0.72   0.70
200   0.85   0.44   0.87   1.10   1.29   0.81   0.81   0.85   0.83
208   0.14   0.16   0.18   0.22   0.17   0.14   0.17   0.17   0.17

=== Sensibilité aux coûts (par ordre, aller simple) ===
       actuelle_cagr  bornee_cagr
0.000         0.6228       0.4595
0.001         0.6216       0.4584
0.002         0.6204       0.4573
0.005         0.6167       0.4540
0.010         0.6105       0.4485
0.020         0.5984       0.4375

=== Sensibilité au jour de clôture hebdomadaire ===
       actuelle_cagr  actuelle_mdd  bornee_cagr  bornee_mdd
W-MON          0.678        -0.479        0.685      -0.479
W-TUE          0.646        -0.430        0.647      -0.430
W-WED          0.620        -0.531        0.612      -0.531
W-THU          0.649        -0.545        0.653      -0.545
W-FRI          0.611        -0.497        0.364      -0.324
W-SAT          0.602        -0.539        0.626      -0.539
W-SUN          0.620        -0.454        0.457      -0.344

=== Sensibilité à la date de début (CAGR / Calmar depuis cette date) ===
            BH_cagr  actuelle_cagr  bornee_cagr  actuelle_calmar  bornee_calmar
2014-07-13    0.501          0.620        0.457            1.367          1.330
2016-01-01    0.650          0.706        0.512            1.557          1.489
2018-01-01    0.206          0.319        0.427            0.752          1.242
2020-01-01    0.448          0.444        0.508            1.167          1.903
2022-01-01    0.119          0.158        0.188            0.415          0.748
2024-01-01    0.273          0.186        0.245            0.489          0.972

=== Sensibilité aux fenêtres de volatilité (adaptative bornée) ===
          calmar_total  calmar_valid  calmar_test
f13_s52          1.448         1.652        0.748
f13_s104         1.449         1.658        0.748
f13_s156         1.402         1.238        0.748
f26_s52          1.349         2.219        0.748
f26_s104         1.330         2.177        0.748
f26_s156         1.039         1.628        0.748
f52_s104         1.330         2.177        0.748
f52_s156         1.039         1.628        0.748

=== Bootstrap par blocs (26 sem., 500 tirages) ===
                0.05   0.25   0.50   0.75   0.95
bh_cagr        0.430  0.923  1.383  2.039  3.221
bh_mdd        -0.975 -0.927 -0.884 -0.820 -0.712
actuelle_cagr -0.000  0.131  0.259  0.444  0.816
actuelle_mdd  -0.751 -0.606 -0.516 -0.445 -0.338
bornee_cagr   -0.011  0.106  0.234  0.391  0.744
bornee_mdd    -0.723 -0.580 -0.489 -0.424 -0.279

P(actuelle bat B&H en CAGR) : 0.042
P(bornee bat B&H en CAGR)   : 0.034
P(bornee MDD < actuelle MDD): 0.478

OK
