=== Calibration de k1 sur l'apprentissage (2014-07 -> 2017-12), k2 = 2*k1 ===
NB : k2 est NON identifiable sur l'apprentissage seul (aucune 2e tranche
déclenchée avant 2018) ; on impose le ratio structurel k2/k1 = 2, identique
au ratio -40/-20 de la règle de référence.
      cagr_train  mdd_train  calmar_train
k1                                       
0.50       0.537     -0.332         1.614
0.60       1.551     -0.334         4.645
0.70       1.551     -0.334         4.645
0.85       1.569     -0.300         5.222
1.00       1.650     -0.358         4.614
1.20       1.650     -0.358         4.614
1.40       1.650     -0.358         4.614

Meilleur k1 sur apprentissage (Calmar) : 0.85

Grille complète (apprentissage vs validation vs test) :
      cagr_train  mdd_train  calmar_train  calmar_valid  calmar_test  cagr_test  mdd_test
k1                                                                                       
0.50       0.537     -0.332         1.614         2.095        0.748      0.188    -0.252
0.60       1.551     -0.334         4.645         0.636        0.540      0.158    -0.292
0.70       1.551     -0.334         4.645         0.421        0.322      0.098    -0.305
0.85       1.569     -0.300         5.222         0.434        0.206      0.070    -0.339
1.00       1.650     -0.358         4.614         0.540        0.095      0.044    -0.460
1.20       1.650     -0.358         4.614         0.540        0.132      0.061    -0.460
1.40       1.650     -0.358         4.614         0.540        0.132      0.061    -0.460

=== Comparaison des stratégies (fenêtre commune 2014-07 ->) ===
                                 Buy&Hold  Actuelle_SMA156_20_40  Adaptative_2T  Adaptative_3T_graduelle  Adaptative_2T+garde_fou_SMA  Adaptative_figee_entree  Adaptative_figee+garde_fou  Actuelle+garde_fou_SMA  Adaptative_bornee_0.5  Controle_sortie_SMA
valeur_finale                     123.036                303.820         93.147                   99.881                       80.933                   86.784                      83.467                 165.277                 86.498               38.711
rendement_total                   122.036                302.820         92.147                   98.881                       79.933                   85.784                      82.467                 164.277                 85.498               37.711
CAGR                                0.501                  0.620          0.466                    0.475                        0.449                    0.458                       0.453                   0.539                  0.457                0.362
vol_annualisee                      0.679                  0.473          0.500                    0.509                        0.497                    0.495                       0.491                   0.461                  0.369                0.614
max_drawdown                       -0.834                 -0.454         -0.637                   -0.646                       -0.637                   -0.593                      -0.590                  -0.446                 -0.344               -0.833
duree_max_dd_semaines             154.000                154.000        156.000                  158.000                      152.000                  190.000                     151.000                 154.000                154.000              164.000
sharpe                              0.907                  1.206          0.972                    0.975                        0.950                    0.967                       0.963                   1.115                  1.148                0.775
sortino                             1.379                  1.585          1.244                    1.247                        1.173                    1.242                       1.199                   1.393                  1.289                1.032
calmar                              0.601                  1.367          0.733                    0.736                        0.705                    0.772                       0.768                   1.209                  1.330                0.434
ulcer_index                        43.936                 21.818         33.636                   33.916                       32.890                   34.443                      32.126                  22.423                 18.056               46.540
exposition_moyenne                  1.000                  0.490          0.586                    0.598                        0.521                    0.610                       0.544                   0.456                  0.384                0.737
temps_investi_pct                   1.000                  0.630          0.724                    0.724                        0.656                    0.730                       0.662                   0.570                  0.494                0.737
nb_transactions                     1.000                 13.000         10.000                   12.000                       21.000                   10.000                      21.000                  21.000                 13.000               17.000
nb_positions_closes                 1.000                  5.000          4.000                    4.000                        9.000                    4.000                       9.000                   9.000                  5.000                9.000
taux_reussite                       1.000                  1.000          1.000                    1.000                        0.556                    1.000                       0.556                   0.556                  1.000                0.444
rendement_moyen_position          124.158                  5.116          3.991                    4.790                        1.549                    4.552                       1.731                   2.310                  2.086                1.240
turnover_x_capital                  0.998                998.218        300.018                  318.180                      444.687                  293.155                     470.424                 899.504                271.046              229.100
couts_payes_pct_capital_initial     0.002                  1.996          0.600                    0.636                        0.889                    0.586                       0.941                   1.799                  0.542                0.458
capture_hausse                      1.000                  0.586          0.644                    0.655                        0.597                    0.654                       0.607                   0.542                  0.432                0.782
capture_baisse                      1.000                  0.435          0.576                    0.586                        0.519                    0.596                       0.533                   0.411                  0.315                0.783
cagr_train                          1.441                  1.551          1.569                    1.775                        1.171                    1.650                       1.239                   1.172                  0.537                1.621
mdd_train                          -0.665                 -0.332         -0.300                   -0.327                       -0.350                   -0.358                      -0.358                  -0.350                 -0.332               -0.358
calmar_train                        2.168                  4.666          5.222                    5.437                        3.345                    4.614                       3.466                   3.348                  1.614                4.533
cagr_valid                          0.333                  0.526          0.248                    0.144                        0.349                    0.283                       0.386                   0.530                  0.748                0.101
mdd_valid                          -0.803                 -0.425         -0.571                   -0.581                       -0.571                   -0.523                      -0.523                  -0.425                 -0.344               -0.802
calmar_valid                        0.415                  1.238          0.434                    0.249                        0.611                    0.540                       0.739                   1.248                  2.177                0.127
cagr_test                           0.119                  0.158          0.070                    0.104                        0.098                    0.005                       0.056                   0.143                  0.188               -0.034
mdd_test                           -0.657                 -0.380         -0.339                   -0.352                       -0.318                   -0.460                      -0.361                  -0.361                 -0.252               -0.530
calmar_test                         0.182                  0.415          0.206                    0.296                        0.307                    0.012                       0.154                   0.395                  0.748               -0.065

=== Walk-forward : recalibration annuelle de (k1,k2) ===
  couples retenus par année : {2018: 0.85, 2019: 1.0, 2020: 1.0, 2021: 0.5, 2022: 0.5, 2023: 0.5, 2024: 0.5, 2025: 0.5, 2026: 0.5}
  CAGR walk-forward 2018+ : 16.02% ; MDD : -49.5%
  (vs k figés calibrés <=2017 : CAGR 2018+ 14.25%, MDD -57.1%)

OK
